0.13519856770833333
0.08995442708333333
0.23436197916666668
0.10179361979166666
0.10433268229166667
0.3365559895833333
0.175322265625
0.47367513020833335
0.16521158854166668
0.17629231770833334
0.25979166666666664
0.14185546875
0.14898111979166667
0.11444986979166667
0.12619791666666666
0.148818359375
0.132744140625
0.12989908854166668
0.14537434895833334
0.15203776041666667
0.14867513020833334
0.13976888020833333
0.13544921875
0.12506184895833333
0.13417643229166668
0.125673828125
0.12909505208333333
0.13673177083333332
0.14425455729166667
0.13960611979166668
0.13745442708333333
0.13840494791666666
0.13177408854166667
0.15087239583333334
0.132412109375
0.123798828125
0.12368815104166667
0.124267578125
0.13319986979166668
0.13055013020833334
0.12919270833333332
0.13453125
0.125712890625
0.12548502604166667
0.12772135416666666
0.12711263020833333
0.12184244791666667
0.12215169270833333
0.13160481770833332
0.12964192708333333
0.12513997395833334
0.12476236979166666
0.12672200520833332
0.121953125
0.12269205729166667
0.123798828125
0.12581380208333334
0.13370442708333333
0.12577473958333332
0.13153971354166666
0.1339453125
0.120849609375
0.11305338541666667
0.12366536458333334
0.128330078125
0.12442057291666667
0.12721028645833332
0.129033203125
0.12646484375
0.12793619791666666
0.130908203125
0.13049479166666667
0.14268880208333334
0.14647786458333334
0.1524609375
0.15197265625
0.156298828125
0.157275390625
0.15807942708333333
0.16626953125
0.15990559895833334
0.16537109375
0.16471028645833333
0.17085286458333335
0.16934895833333333
0.16880859375
0.17082682291666668
0.16836263020833334
0.17263020833333334
0.16932942708333334
0.21670247395833334
0.16326497395833334
0.17906901041666667
0.1658203125
0.169833984375
0.16272135416666667
0.17645182291666667
0.17145833333333332
0.17376302083333334
0.17430989583333334
0.18006184895833333
0.18079427083333333
0.174677734375
0.177021484375
0.17455078125
0.18098307291666665
0.21345703125
0.18832682291666666
0.18377604166666667
0.19095703125
0.193515625
0.19949869791666666
0.20504557291666667
0.19335611979166667
0.18611002604166665
0.16652018229166668
0.161640625
0.15351888020833335
0.14722005208333333
0.15513346354166666
0.14175130208333334
0.13066731770833334
0.13353190104166668
0.13959635416666666
0.133359375
0.13417643229166668
0.13660481770833333
0.14365234375
0.12479817708333334
0.13463216145833334
0.14224283854166667
0.13220703125
0.12262369791666666
0.12435872395833333
0.127578125
0.13268229166666667
0.13367838541666666
0.123154296875
0.12780598958333333
0.13851236979166667
0.13000325520833333
0.13242838541666666
0.12397135416666667
0.12317057291666667
0.13582356770833334
0.13202799479166666
0.126494140625
0.13160481770833332
0.12444986979166667
0.12371744791666667
0.120908203125
0.12106119791666667
0.12137369791666666
0.121376953125
0.133818359375
0.12433268229166666
0.12791666666666668
0.13323893229166667
0.12791666666666668
0.12462239583333333
0.126220703125
0.12577799479166665
0.125537109375
0.134052734375
0.12919270833333332
0.132021484375
0.12373697916666666
0.126943359375
0.12526041666666668
0.13067708333333333
0.14311848958333334
0.124990234375
0.13083658854166666
0.13100911458333334
0.13945638020833334
0.14739908854166667
0.12765625
0.13437174479166666
0.13217122395833333
0.132861328125
0.13827799479166666
0.132470703125
0.13113606770833333
0.14475911458333332
0.12666341145833335
0.13461263020833333
0.12971028645833332
0.12537760416666666
0.128837890625
0.12565104166666666
0.13216145833333334
0.128291015625
0.123212890625
0.131689453125
0.12795572916666667
0.13964518229166667
0.13431640625
0.12597981770833333
0.132041015625
0.13038411458333332
0.13447591145833335
0.13542317708333335
0.13325520833333335
0.140361328125
0.12994140625
0.127890625
0.13036458333333334
0.13735677083333334
0.12545572916666667
0.13496744791666668
0.12820638020833333
0.119619140625
0.12875325520833333
0.13936848958333334
0.12216471354166666
0.124755859375
0.1220703125
0.133896484375
0.12464192708333334
0.12727213541666665
0.135498046875
0.13690755208333333
0.128779296875
0.12072916666666667
0.127421875
0.12058268229166667
0.128359375
0.12140625
0.126845703125
0.12080729166666666
0.127880859375
0.129609375
0.12147135416666667
0.13046223958333333
0.12193359375
0.12044596354166667
0.124150390625
0.11452799479166667
0.12371744791666667
0.122080078125
0.12895182291666665
0.11989583333333333
0.12829427083333333
0.13034830729166666
0.132177734375
0.12719401041666667
0.13117513020833332
0.12676432291666667
0.126123046875
0.12293619791666667
0.12709309895833334
0.118974609375
0.123955078125
0.121728515625
0.12646484375
0.12527669270833333
0.12852213541666666
0.13296549479166667
0.13223958333333333
0.12817708333333333
0.14498697916666667
0.13458333333333333
0.13705403645833333
0.14150065104166668
0.14564453125
0.144560546875
0.13826497395833334
0.141669921875
0.12116536458333334
0.12160481770833333
0.13081705729166668
0.11867513020833333
0.122763671875
0.12248697916666666
0.12081380208333334
0.12432291666666667
0.122080078125
0.11708658854166666
0.12357747395833334
0.12159505208333334
0.12428059895833334
0.131796875
0.11657877604166667
0.12686848958333333
0.12955403645833333
0.12459309895833333
0.123134765625
0.125927734375
0.12203125
0.124091796875
0.12716471354166667
0.12195638020833334
0.12396809895833333
0.11732421875
0.11891276041666667
0.1242578125
0.11395182291666667
0.12458658854166667
0.12333658854166667
0.127626953125
0.12734700520833334
0.12006510416666667
0.13350911458333334
0.13171549479166667
0.12849934895833334
0.142138671875
0.13758463541666666
0.15010416666666668
0.14931640625
0.16030924479166667
0.16888997395833333
0.17113606770833334
0.17313151041666666
0.18095703125
0.18993489583333334
0.18894856770833332
0.17734700520833332
0.169462890625
0.181474609375
0.135869140625
0.12344401041666667
0.12541666666666668
0.13005859375
0.12057942708333333
0.12940104166666666
0.12409830729166667
0.12439453125
0.13011393229166668
0.13137369791666667
0.13251302083333333
0.15166341145833334
0.12569010416666668
0.12823893229166666
0.134990234375
0.12205729166666666
0.13231770833333334
0.130791015625
0.1316015625
0.12509765625
0.129248046875
0.13091471354166667
0.13476888020833333
0.13640625
0.12922200520833332
0.14025716145833333
0.13560546875
0.130966796875
0.13112955729166667
0.1291796875
0.12604166666666666
0.135703125
0.12717122395833333
0.13455403645833333
0.13408528645833334
0.13453776041666668
0.13351236979166667
0.13420572916666668
0.13526041666666666
0.13560546875
0.13747721354166667
0.13333658854166666
0.12614583333333335
0.13929036458333333
0.135263671875
0.13876302083333333
0.13003255208333334
0.141611328125
0.13035807291666668
0.13944010416666666
0.13771809895833334
0.13770182291666666
0.14013346354166667
0.13222981770833334
0.12756184895833333
0.13125
0.129375
0.91908203125
0.831552734375
0.25960611979166665
0.15964518229166666
0.1623046875
0.14392252604166667
0.0118359375
0.008268229166666667
0.043365885416666666
0.04283528645833334
0.06298502604166667
0.055432942708333335
0.032838541666666665
0.037421875
0.6620540364583334
0.14847330729166666
0.03686848958333333
0.031901041666666664
0.059091796875
0.0549609375
0.185107421875
0.1898046875
0.17701822916666668
0.178369140625
0.175517578125
0.1609765625
0.18034505208333335
0.19481119791666668
0.181845703125
0.18631510416666666
0.18263346354166668
0.19321940104166666
0.21406575520833335
0.210625
0.17146484375
0.21348958333333334
0.18642578125
0.20226236979166667
0.20585611979166665
0.17278971354166667
0.19207356770833334
0.19676432291666668
0.18065104166666668
0.201064453125
0.173359375
0.17940755208333334
0.19652669270833334
0.184873046875
0.18777018229166667
0.18482096354166666
0.1873828125
0.19289388020833334
0.185185546875
0.13728190104166665
0.18356119791666667
0.1814453125
0.19897786458333333
0.16863932291666667
0.17247721354166667
0.19433919270833333
0.18328125
0.19996744791666668
0.16890625
0.17624348958333333
0.30103515625
0.18391276041666665
0.17185221354166666
0.184892578125
0.17992513020833334
0.16370442708333333
0.17433268229166668
0.1748046875
0.193115234375
0.204150390625
0.195390625
0.16101888020833333
0.20351236979166668
0.21778645833333332
0.317978515625
0.22694986979166668
0.205595703125
0.189150390625
0.21182291666666667
0.2130859375
0.20003580729166667
0.19407552083333332
0.18580729166666668
0.190166015625
0.18496744791666667
0.19589192708333333
0.19051432291666667
0.18425455729166668
0.179638671875
0.19174153645833333
0.21178059895833334
0.20182942708333335
0.24626302083333335
0.193837890625
0.20788411458333333
0.20273763020833332
0.21025390625
0.191611328125
0.20556315104166667
0.20801106770833333
0.215751953125
0.18486979166666667
0.205771484375
0.22983072916666666
0.266962890625
0.25326171875
0.25287434895833333
0.236494140625
0.25826171875
0.23458333333333334
0.24431315104166668
0.257138671875
0.2581477864583333
0.21747721354166666
0.23275716145833333
0.23683268229166668
0.24902018229166667
0.21264973958333333
0.23421223958333334
0.22755533854166668
0.23412760416666667
0.2173828125
0.20814778645833334
0.2113671875
0.19402018229166668
0.18908203125
0.20023763020833332
0.24203450520833333
0.19364908854166665
0.20628580729166668
0.23456380208333333
0.12221354166666666
0.18973307291666666
0.18898763020833334
0.23637044270833332
0.19630533854166668
0.17029622395833333
0.2111328125
0.20912434895833334
0.20688151041666666
0.22809895833333332
0.1924609375
0.195849609375
0.20541341145833333
0.21709309895833334
0.21032877604166667
0.1886328125
0.13586588541666667
0.19810546875
0.21501302083333335
0.204501953125
0.20683268229166665
0.1844921875
0.20092447916666667
0.21126627604166667
0.20620442708333334
0.20392252604166666
0.196220703125
0.19828776041666665
0.19111328125
0.224736328125
0.16650065104166667
0.17629231770833334
0.194873046875
0.190830078125
0.178447265625
0.16862630208333335
0.18013020833333335
0.19036783854166667
0.17929036458333333
0.17806640625
0.17975260416666666
0.19978515625
0.16140950520833333
0.16593424479166666
0.18842122395833333
0.19030598958333333
0.2544173177083333
0.17140299479166668
0.18079427083333333
0.19183268229166667
0.21566080729166667
0.18753255208333333
0.18441731770833333
0.22245442708333332
0.17533854166666665
0.18090169270833334
0.18178385416666668
0.17680338541666665
0.19896484375
0.180517578125
0.1804296875
0.190869140625
0.18146158854166666
0.178193359375
0.17395833333333333
0.19315755208333332
0.18067057291666666
0.214775390625
0.18435221354166667
0.17828450520833333
0.17322591145833333
0.19031901041666666
0.19810872395833334
0.19917317708333335
0.18761067708333334
0.17293619791666667
0.17579752604166668
0.18125325520833332
0.2515950520833333
0.19425455729166666
0.181796875
0.18664388020833333
0.18619466145833333
0.182666015625
0.20059895833333333
0.187724609375
0.19939127604166668
0.197978515625
0.163955078125
0.18426432291666667
0.17744466145833335
0.20049479166666667
0.18384440104166666
0.185908203125
0.18265299479166666
0.17181315104166667
0.17431315104166667
0.19891276041666667
0.21319986979166666
0.2249609375
0.19797526041666666
0.201396484375
0.230244140625
0.205498046875
0.23561848958333334
0.24422526041666667
0.24362630208333333
0.27710611979166666
0.2703580729166667
0.4089485677083333
0.2686686197916667
0.27298828125
0.2800423177083333
0.2684244791666667
0.240625
0.32136393229166665
0.29850911458333335
0.27618489583333333
0.28185546875
0.2537760416666667
0.24640950520833332
0.24303385416666667
0.22410481770833332
0.21605143229166668
0.21733072916666665
0.230185546875
0.22476888020833333
0.24591471354166666
0.25386393229166665
0.24277018229166666
0.24612955729166666
0.255380859375
0.24912434895833332
0.24228190104166666
0.26333984375
0.26104817708333333
0.288046875
0.20548828125
0.20675455729166667
0.17981770833333333
0.18741861979166666
0.182890625
0.21841796875
0.19736979166666666
0.18872395833333333
0.19471354166666666
0.20052083333333334
0.21822591145833334
0.20497721354166668
0.22371419270833334
0.217763671875
0.2515462239583333
0.24631510416666666
0.21390625
0.18015950520833332
0.1790625
0.23462890625
0.228544921875
0.2865071614583333
0.26054036458333335
0.2187890625
0.23022786458333333
0.261162109375
0.2859830729166667
0.25978515625
0.2539192708333333
0.23863932291666667
0.2348046875
0.2793326822916667
0.2571875
0.2390234375
0.23689127604166665
0.22861653645833332
0.22431640625
0.2596516927083333
0.25427734375
0.2719010416666667
0.2242578125
0.26308268229166665
0.26533203125
0.21814127604166667
0.24478515625
0.229482421875
0.23057942708333334
0.21662109375
0.20901692708333333
0.21216145833333333
0.209931640625
0.186318359375
0.184521484375
0.18341796875
0.21414713541666666
0.24625651041666666
0.21566731770833333
0.199951171875
0.18864908854166668
0.21074869791666667
0.20035481770833333
0.19430338541666667
0.2512923177083333
0.20480794270833333
0.19962890625
0.1805078125
0.18077799479166667
